

####################################################################################
2024-12-02 19:25:26.658426########################################################
19.718593700032216    47.83099750004476    82.57052960002329    110.16425309999613    176.65572890004842    204.48551410000073    243.0872707000235    272.6472364999936    312.35461460001534    339.8056001000223    371.9814485000097    400.9572349000373    433.48879420000594    463.0017030000454    507.2183992000064    534.9555578000145    570.9013141000178    599.3215131000034    636.7942413000274    667.3316180999973    
####################################################################################




