

####################################################################################
2024-12-02 19:25:26.658426########################################################
17.8726919000037    48.376902399992105    81.81074280000757    113.11925709998468    145.35973929998    175.2828682999825    233.32174109999323    261.59001829999033    310.1905039999983    342.7072730999789    378.4048294000095    410.512798700016    453.7389340000227    483.7608264000155    518.5547293000272    545.7961510000168    580.7776762000285    609.7845208999934    657.8696161999833    686.7357647999888    
####################################################################################




