

####################################################################################
2024-12-02 20:27:22.652555########################################################
25.92878360000003    55.33783109999996    91.32987540000005    120.55261860000002    160.27456750000005    188.84458160000003    222.35178790000003    253.64008819999998    293.38545170000003    320.8992351    362.82420870000004    390.7214637    439.76155550000004    467.45463909999995    513.2611502    541.1581791000001    573.2266512000001    603.0072711    638.6922309000001    665.8519458000001    
####################################################################################




