

####################################################################################
2024-12-02 19:25:26.658426########################################################
14.908760000000257    43.23234910000065    75.95350320000034    105.93910880000021    145.39235760000065    176.58862829999998    207.49196670000038    238.17421970000032    270.1994932000007    300.3336495000003    328.3461662999998    358.9489861000002    399.3921040000005    427.4582496000003    481.0866007000004    509.56052610000006    545.1376439000005    572.5612716000005    612.6555130000006    639.8880399    
####################################################################################




