

####################################################################################
2024-12-02 19:50:45.429244########################################################
13.36266089999117    41.064886200008914    86.85485150001477    116.12631140000303    144.04227979999268    172.35643469999195    211.05625349999173    240.3065503000107    280.46753080000053    308.3314256000158    351.64625109999906    382.81857350000064    418.5459305999975    446.5477971000073    475.1590475999983    504.1310116999957    540.6670184000104    570.0694897999929    607.5321481999999    635.2947892000084    
####################################################################################




