

####################################################################################
2024-12-02 19:52:01.927210########################################################
24.76483400000052    57.51019859999997    87.0163177000004    118.01483020000069    166.83935060000022    197.00498730000072    235.26281090000066    262.4529186    303.75350460000027    330.9374404    417.32371130000047    449.07265910000115    508.0775308000002    537.1521414999997    576.1722735000012    603.7342533000001    654.6577638000008    683.4851613000001    735.7706886999995    764.3164762000006    
####################################################################################




