

####################################################################################
2024-11-25 12:07:48.602685########################################################
15.627665000036359    46.82418530003633    75.45547199994326    102.68025039997883    129.83847099996638    159.43688870000187    187.97848890000023    215.1811802999582    261.45299220003653    288.80091180000454    354.1645538000157    391.2665946999332    418.5592270999914    468.363736600033    500.4150418000063    537.7213420999469    588.4685363000026    618.145987899974    915.6884735999629    971.1506343999645    
####################################################################################






####################################################################################
2024-11-25 12:23:12.240130########################################################
16.183956099906936    244.96591299993452    294.93711359996814    322.2071747999871    351.9292491999222    379.4023636999773    408.01105679990724    435.72023129998706    490.32797679991927    528.9940150999464    564.7580522999633    593.0749082999537    620.2548124999739    648.672449799953    689.6899853999494    719.2555436999537    746.7962355999043    788.8485185999889    836.2556704999879    863.5489803999662    
####################################################################################




