

####################################################################################
2024-12-02 20:16:03.539776########################################################
26.086305600008927    54.19979929999681    83.79954510001699    119.95054829999572    163.74333170001046    192.74391429999378    229.9141215000127    257.47862650000025    296.3524303000013    333.13348119999864    419.4287183000124    450.2034704000107    494.875440600008    524.8927645999938    608.1548119999934    642.4954378000111    683.1745750000118    710.7509979000024    755.6922644000151    784.1420099000097    
####################################################################################




