

####################################################################################
2024-12-02 20:16:03.539776########################################################
19.81201960000908    49.37234699999681    78.96805889997631    106.98056719999295    163.04191309999442    191.80763459997252    222.46146650001174    249.76283550000517    284.1378778999788    312.60456050001085    352.9974787000101    380.6948743999819    410.5609267000109    438.4595108999638    478.2085926000145    506.6720544999698    542.6140793999657    572.3485996999661    605.6981749999686    634.1522301000077    
####################################################################################




