

####################################################################################
2024-12-02 19:25:26.658426########################################################
26.845527400029823    55.49829120002687    97.86594750004588    125.90157650003675    158.31318340002326    185.80400050000753    217.85905500000808    246.62670100003015    283.72649770003045    311.9007828000467    346.89327320002485    375.1705887000426    405.4454840000253    435.0081165000447    467.24562610004796    496.40026470000157    523.8220682000392    551.5182372000418    589.3279366000206    617.5614369000541    
####################################################################################




