

####################################################################################
2024-12-02 20:33:11.086140########################################################
18.69904450001195    47.61080059999949    89.43326109999907    117.27600010001333    161.59431939999922    189.83986380000715    230.0479864999943    258.5664432999911    310.7556373999978    339.2614186000137    369.5593416999909    398.4254530000035    447.34598159999587    476.27120330001344    507.7093228000158    534.9371529000055    581.2929248000146    608.8676964000042    650.6357478999998    678.4149420000031    
####################################################################################




