

####################################################################################
2024-12-02 19:25:26.658426########################################################
23.296948299976066    50.4844776999671    80.25129899999592    107.74838720000116    142.52152889996069    171.63827609998407    200.27987179998308    227.7094308999949    258.91351179999765    287.52411519997986    317.1669743999955    344.68363469996257    377.75324120000005    407.7571925999946    439.83164429996395    467.09842559997924    499.7968007999589    527.6040480999509    569.5178383999737    597.2615892000031    
####################################################################################




