

####################################################################################
2024-12-02 19:25:26.658426########################################################
23.463936200016178    53.067747300025076    109.39076679997379    136.48685450002085    172.22759680001764    202.87670070002787    236.50003990001278    264.01399639999727    308.00481549999677    336.37345289997756    367.2482630999875    396.26423339999747    426.3615987999947    455.7101788999862    485.94676149997395    513.8655857000267    550.1588236999814    578.9493833999732    639.7366333000246    666.904442399973    
####################################################################################




